0 1 2 3 4 5 6 7 8 9;
0 1 2 3 4 5 6 7 8 9 10 11 12 13 14 15 16 17 18 19 20 21 22 23 24 25 26 27 28 29 30 31 32 33 34 35 36 37 38 39 40 41 42 43 44 45 46 47 48 49 50 51 52 53 54 55 56 57 58 59 60 61 62 63 64 65 66 67 68 69 70 71 72 73 74 75 76 77 78 79 80 81 82 83 84 85 86 87 88 89 90 91 92 93 94 95 96 97 98 99 100;
43 36 44 50 59 17 22 30 57 51;
44 46 20 57 48 50 49 38 48 56 54 20 19 24 40 34 28 4 14 40 14 63 1 53 33 62 49 15 57 8 7 17 48 21 36 49 5 17 21 24 27 32 27 35 29 8 34 58 8 57 7 33 53 30 23 46 44 31 39 63 57 58 6 31 27 35 32 18 14 18 26 21 55 48 53 10 12 50 14 36 40 59 25 48 3 46 4 15 51 45 4 60 59 17 11 45 10 12 24 62 6;
55 54 53 52 51 50 49 48 47 46 45 44 43 42 41 40 39 38 37 36 35 34 33 32 31 30 29 28 27 26 25 24 23 22 21 20 19 18 17 16 15 14 13 12 11 10 9 8 7 6 5 4 3 2 1 0;




43 36 44 50 59 17 22 30 57 51;55 54 53 52 51 50 49 48 47 46 45 44 43 42 41 40 39 38 37 36 35 34 33 32 31 30 29 28 27 26 25 24 23 22 21 20 19 18 17 16 15 14 13 12 11 10 9 8 7 6 5 4 3 2 1 0;

